   0  839056.00  316416.33      81.00    0  839056.00   0  839056.00
   1  952576.00  557022.00   59536.00    1  952576.00   5  952576.00
   2  952576.00  666996.00  283024.00    1  952576.00   5  952576.00
   3  857476.00  597193.33  283024.00    1  952576.00   5  857476.00
   4  853776.00  670124.00  430336.00    1  952576.00   5  853776.00
   5  960400.00  752270.67  430336.00    5  960400.00   0  960400.00
   6  960400.00  794330.67  350464.00    5  960400.00   0  960400.00
   7  960400.00  768730.67  430336.00    5  960400.00   0  960400.00
   8  960400.00  768877.33  430336.00    5  960400.00   0  960400.00
   9  952576.00  776789.33  719104.00    5  960400.00   0  952576.00
  10  952576.00  796928.00  719104.00    5  960400.00   0  952576.00
  11  952576.00  758016.00  719104.00    5  960400.00   0  952576.00
  12  952576.00  835840.00  719104.00    5  960400.00   0  952576.00
  13  952576.00  835840.00  719104.00    5  960400.00   0  952576.00
  14  952576.00  796928.00  719104.00    5  960400.00   0  952576.00
  15  952576.00  758016.00  719104.00    5  960400.00   0  952576.00
  16  952576.00  796928.00  719104.00    5  960400.00   0  952576.00
  17  952576.00  874752.00  719104.00    5  960400.00   0  952576.00
  18  952576.00  913664.00  719104.00    5  960400.00   0  952576.00
  19  952576.00  952576.00  952576.00    5  960400.00   0  952576.00
  20  952576.00  952576.00  952576.00    5  960400.00   0  952576.00
  21  952576.00  952576.00  952576.00    5  960400.00   0  952576.00
  22  952576.00  952576.00  952576.00    5  960400.00   0  952576.00
  23  952576.00  952576.00  952576.00    5  960400.00   0  952576.00
  24  952576.00  952576.00  952576.00    5  960400.00   0  952576.00
  25  952576.00  952576.00  952576.00    5  960400.00   0  952576.00
  26  952576.00  952576.00  952576.00    5  960400.00   0  952576.00
  27  952576.00  952576.00  952576.00    5  960400.00   0  952576.00
  28  952576.00  952576.00  952576.00    5  960400.00   0  952576.00
  29  952576.00  952576.00  952576.00    5  960400.00   0  952576.00
  30  952576.00  952576.00  952576.00    5  960400.00   0  952576.00
  31  952576.00  952576.00  952576.00    5  960400.00   0  952576.00
  32  952576.00  952576.00  952576.00    5  960400.00   0  952576.00
  33  952576.00  952576.00  952576.00    5  960400.00   0  952576.00
  34  952576.00  952576.00  952576.00    5  960400.00   0  952576.00
  35  952576.00  952576.00  952576.00    5  960400.00   0  952576.00
  36  952576.00  952576.00  952576.00    5  960400.00   0  952576.00
  37  952576.00  952576.00  952576.00    5  960400.00   0  952576.00
  38  952576.00  952576.00  952576.00    5  960400.00   0  952576.00
  39  952576.00  952576.00  952576.00    5  960400.00   0  952576.00
  40  952576.00  952576.00  952576.00    5  960400.00   0  952576.00
  41  952576.00  952576.00  952576.00    5  960400.00   0  952576.00
  42  952576.00  952576.00  952576.00    5  960400.00   0  952576.00
  43  952576.00  952576.00  952576.00    5  960400.00   0  952576.00
  44  952576.00  952576.00  952576.00    5  960400.00   0  952576.00
  45  952576.00  952576.00  952576.00    5  960400.00   0  952576.00
  46  952576.00  952576.00  952576.00    5  960400.00   0  952576.00
  47  952576.00  952576.00  952576.00    5  960400.00   0  952576.00
  48  952576.00  952576.00  952576.00    5  960400.00   0  952576.00
  49  952576.00  952576.00  952576.00    5  960400.00   0  952576.00
  50  952576.00  952576.00  952576.00    5  960400.00   0  952576.00
   0  839056.00  316416.33      81.00    0  839056.00   0  839056.00
   1  952576.00  557022.00   59536.00    1  952576.00   5  952576.00
   2  952576.00  666996.00  283024.00    1  952576.00   5  952576.00
   3  857476.00  597193.33  283024.00    1  952576.00   5  857476.00
   4  853776.00  670124.00  430336.00    1  952576.00   5  853776.00
   5  960400.00  752270.67  430336.00    5  960400.00   0  960400.00
   6  960400.00  794330.67  350464.00    5  960400.00   0  960400.00
   7  960400.00  768730.67  430336.00    5  960400.00   0  960400.00
   8  960400.00  768877.33  430336.00    5  960400.00   0  960400.00
   9  952576.00  776789.33  719104.00    5  960400.00   0  952576.00
  10  952576.00  796928.00  719104.00    5  960400.00   0  952576.00
  11  952576.00  758016.00  719104.00    5  960400.00   0  952576.00
  12  952576.00  835840.00  719104.00    5  960400.00   0  952576.00
  13  952576.00  835840.00  719104.00    5  960400.00   0  952576.00
  14  952576.00  796928.00  719104.00    5  960400.00   0  952576.00
  15  952576.00  758016.00  719104.00    5  960400.00   0  952576.00
  16  952576.00  796928.00  719104.00    5  960400.00   0  952576.00
  17  952576.00  874752.00  719104.00    5  960400.00   0  952576.00
  18  952576.00  913664.00  719104.00    5  960400.00   0  952576.00
  19  952576.00  952576.00  952576.00    5  960400.00   0  952576.00
  20  952576.00  952576.00  952576.00    5  960400.00   0  952576.00
  21  952576.00  952576.00  952576.00    5  960400.00   0  952576.00
  22  952576.00  952576.00  952576.00    5  960400.00   0  952576.00
  23  952576.00  952576.00  952576.00    5  960400.00   0  952576.00
  24  952576.00  952576.00  952576.00    5  960400.00   0  952576.00
  25  952576.00  952576.00  952576.00    5  960400.00   0  952576.00
  26  952576.00  952576.00  952576.00    5  960400.00   0  952576.00
  27  952576.00  952576.00  952576.00    5  960400.00   0  952576.00
  28  952576.00  952576.00  952576.00    5  960400.00   0  952576.00
  29  952576.00  952576.00  952576.00    5  960400.00   0  952576.00
  30  952576.00  952576.00  952576.00    5  960400.00   0  952576.00
  31  952576.00  952576.00  952576.00    5  960400.00   0  952576.00
  32  952576.00  952576.00  952576.00    5  960400.00   0  952576.00
  33  952576.00  952576.00  952576.00    5  960400.00   0  952576.00
  34  952576.00  952576.00  952576.00    5  960400.00   0  952576.00
  35  952576.00  952576.00  952576.00    5  960400.00   0  952576.00
  36  952576.00  952576.00  952576.00    5  960400.00   0  952576.00
  37  952576.00  952576.00  952576.00    5  960400.00   0  952576.00
  38  952576.00  952576.00  952576.00    5  960400.00   0  952576.00
  39  952576.00  952576.00  952576.00    5  960400.00   0  952576.00
  40  952576.00  952576.00  952576.00    5  960400.00   0  952576.00
  41  952576.00  952576.00  952576.00    5  960400.00   0  952576.00
  42  952576.00  952576.00  952576.00    5  960400.00   0  952576.00
  43  952576.00  952576.00  952576.00    5  960400.00   0  952576.00
  44  952576.00  952576.00  952576.00    5  960400.00   0  952576.00
  45  952576.00  952576.00  952576.00    5  960400.00   0  952576.00
  46  952576.00  952576.00  952576.00    5  960400.00   0  952576.00
  47  952576.00  952576.00  952576.00    5  960400.00   0  952576.00
  48  952576.00  952576.00  952576.00    5  960400.00   0  952576.00
  49  952576.00  952576.00  952576.00    5  960400.00   0  952576.00
  50  952576.00  952576.00  952576.00    5  960400.00   0  952576.00
   0 1046529.00 1046529.00 1046529.00    0 1046529.00   0 1046529.00
   1 1046529.00 1046529.00 1046529.00    0 1046529.00   0 1046529.00
   2 1046529.00 1046529.00 1046529.00    0 1046529.00   0 1046529.00
   3 1046529.00 1046529.00 1046529.00    0 1046529.00   0 1046529.00
   4 1046529.00 1046529.00 1046529.00    0 1046529.00   0 1046529.00
   5 1046529.00 1046529.00 1046529.00    0 1046529.00   0 1046529.00
   6 1046529.00 1046529.00 1046529.00    0 1046529.00   0 1046529.00
   7 1046529.00 1046529.00 1046529.00    0 1046529.00   0 1046529.00
   8 1046529.00 1046529.00 1046529.00    0 1046529.00   0 1046529.00
   9 1046529.00 1046529.00 1046529.00    0 1046529.00   0 1046529.00
  10 1046529.00 1046529.00 1046529.00    0 1046529.00   0 1046529.00
  11 1046529.00 1046529.00 1046529.00    0 1046529.00   0 1046529.00
  12 1046529.00 1046529.00 1046529.00    0 1046529.00   0 1046529.00
  13 1046529.00 1046529.00 1046529.00    0 1046529.00   0 1046529.00
  14 1046529.00 1046529.00 1046529.00    0 1046529.00   0 1046529.00
  15 1046529.00 1046529.00 1046529.00    0 1046529.00   0 1046529.00
  16 1046529.00 1046529.00 1046529.00    0 1046529.00   0 1046529.00
  17 1046529.00 1046529.00 1046529.00    0 1046529.00   0 1046529.00
  18 1046529.00 1046529.00 1046529.00    0 1046529.00   0 1046529.00
  19 1046529.00 1046529.00 1046529.00    0 1046529.00   0 1046529.00
  20 1046529.00 1046529.00 1046529.00    0 1046529.00   0 1046529.00
  21 1046529.00 1046529.00 1046529.00    0 1046529.00   0 1046529.00
  22 1046529.00 1046529.00 1046529.00    0 1046529.00   0 1046529.00
  23 1046529.00 1046529.00 1046529.00    0 1046529.00   0 1046529.00
  24 1046529.00 1046529.00 1046529.00    0 1046529.00   0 1046529.00
  25 1046529.00 1046529.00 1046529.00    0 1046529.00   0 1046529.00
  26 1046529.00 1046529.00 1046529.00    0 1046529.00   0 1046529.00
  27 1046529.00 1046529.00 1046529.00    0 1046529.00   0 1046529.00
  28 1046529.00 1046529.00 1046529.00    0 1046529.00   0 1046529.00
  29 1046529.00 1046529.00 1046529.00    0 1046529.00   0 1046529.00
  30 1046529.00 1046529.00 1046529.00    0 1046529.00   0 1046529.00
  31 1046529.00 1046529.00 1046529.00    0 1046529.00   0 1046529.00
  32 1046529.00 1046529.00 1046529.00    0 1046529.00   0 1046529.00
  33 1046529.00 1046529.00 1046529.00    0 1046529.00   0 1046529.00
  34 1046529.00 1046529.00 1046529.00    0 1046529.00   0 1046529.00
  35 1046529.00 1046529.00 1046529.00    0 1046529.00   0 1046529.00
  36 1046529.00 1046529.00 1046529.00    0 1046529.00   0 1046529.00
  37 1046529.00 1046529.00 1046529.00    0 1046529.00   0 1046529.00
  38 1046529.00 1046529.00 1046529.00    0 1046529.00   0 1046529.00
  39 1046529.00 1046529.00 1046529.00    0 1046529.00   0 1046529.00
  40 1046529.00 1046529.00 1046529.00    0 1046529.00   0 1046529.00
  41 1046529.00 1046529.00 1046529.00    0 1046529.00   0 1046529.00
  42 1046529.00 1046529.00 1046529.00    0 1046529.00   0 1046529.00
  43 1046529.00 1046529.00 1046529.00    0 1046529.00   0 1046529.00
  44 1046529.00 1046529.00 1046529.00    0 1046529.00   0 1046529.00
  45 1046529.00 1046529.00 1046529.00    0 1046529.00   0 1046529.00
  46 1046529.00 1046529.00 1046529.00    0 1046529.00   0 1046529.00
  47 1046529.00 1046529.00 1046529.00    0 1046529.00   0 1046529.00
  48 1046529.00 1046529.00 1046529.00    0 1046529.00   0 1046529.00
  49 1046529.00 1046529.00 1046529.00    0 1046529.00   0 1046529.00
  50 1046529.00 1046529.00 1046529.00    0 1046529.00   0 1046529.00
   0 1046529.00 1046529.00 1046529.00    0 1046529.00   0 1046529.00
   1 1046529.00 1046529.00 1046529.00    0 1046529.00   0 1046529.00
   2 1046529.00 1046529.00 1046529.00    0 1046529.00   0 1046529.00
   3 1046529.00 1046529.00 1046529.00    0 1046529.00   0 1046529.00
   4 1046529.00 1046529.00 1046529.00    0 1046529.00   0 1046529.00
   5 1046529.00 1046529.00 1046529.00    0 1046529.00   0 1046529.00
   6 1046529.00 1046529.00 1046529.00    0 1046529.00   0 1046529.00
   7 1046529.00 1046529.00 1046529.00    0 1046529.00   0 1046529.00
   8 1046529.00 1046529.00 1046529.00    0 1046529.00   0 1046529.00
   9 1046529.00 1046529.00 1046529.00    0 1046529.00   0 1046529.00
  10 1046529.00 1046529.00 1046529.00    0 1046529.00   0 1046529.00
  11 1046529.00 1046529.00 1046529.00    0 1046529.00   0 1046529.00
  12 1046529.00 1046529.00 1046529.00    0 1046529.00   0 1046529.00
  13 1046529.00 1046529.00 1046529.00    0 1046529.00   0 1046529.00
  14 1046529.00 1046529.00 1046529.00    0 1046529.00   0 1046529.00
  15 1046529.00 1046529.00 1046529.00    0 1046529.00   0 1046529.00
  16 1046529.00 1046529.00 1046529.00    0 1046529.00   0 1046529.00
  17 1046529.00 1046529.00 1046529.00    0 1046529.00   0 1046529.00
  18 1046529.00 1046529.00 1046529.00    0 1046529.00   0 1046529.00
  19 1046529.00 1046529.00 1046529.00    0 1046529.00   0 1046529.00
  20 1046529.00 1046529.00 1046529.00    0 1046529.00   0 1046529.00
  21 1046529.00 1046529.00 1046529.00    0 1046529.00   0 1046529.00
  22 1046529.00 1046529.00 1046529.00    0 1046529.00   0 1046529.00
  23 1046529.00 1046529.00 1046529.00    0 1046529.00   0 1046529.00
  24 1046529.00 1046529.00 1046529.00    0 1046529.00   0 1046529.00
  25 1046529.00 1046529.00 1046529.00    0 1046529.00   0 1046529.00
  26 1046529.00 1046529.00 1046529.00    0 1046529.00   0 1046529.00
  27 1046529.00 1046529.00 1046529.00    0 1046529.00   0 1046529.00
  28 1046529.00 1046529.00 1046529.00    0 1046529.00   0 1046529.00
  29 1046529.00 1046529.00 1046529.00    0 1046529.00   0 1046529.00
  30 1046529.00 1046529.00 1046529.00    0 1046529.00   0 1046529.00
  31 1046529.00 1046529.00 1046529.00    0 1046529.00   0 1046529.00
  32 1046529.00 1046529.00 1046529.00    0 1046529.00   0 1046529.00
  33 1046529.00 1046529.00 1046529.00    0 1046529.00   0 1046529.00
  34 1046529.00 1046529.00 1046529.00    0 1046529.00   0 1046529.00
  35 1046529.00 1046529.00 1046529.00    0 1046529.00   0 1046529.00
  36 1046529.00 1046529.00 1046529.00    0 1046529.00   0 1046529.00
  37 1046529.00 1046529.00 1046529.00    0 1046529.00   0 1046529.00
  38 1046529.00 1046529.00 1046529.00    0 1046529.00   0 1046529.00
  39 1046529.00 1046529.00 1046529.00    0 1046529.00   0 1046529.00
  40 1046529.00 1046529.00 1046529.00    0 1046529.00   0 1046529.00
  41 1046529.00 1045167.67 1038361.00    0 1046529.00   0 1046529.00
  42 1046529.00 1046529.00 1046529.00    0 1046529.00   0 1046529.00
  43 1046529.00 1046529.00 1046529.00    0 1046529.00   0 1046529.00
  44 1046529.00 1046529.00 1046529.00    0 1046529.00   0 1046529.00
  45 1046529.00 1046529.00 1046529.00    0 1046529.00   0 1046529.00
  46 1046529.00 1046529.00 1046529.00    0 1046529.00   0 1046529.00
  47 1046529.00 1046529.00 1046529.00    0 1046529.00   0 1046529.00
  48 1046529.00 1046529.00 1046529.00    0 1046529.00   0 1046529.00
  49 1046529.00 1046529.00 1046529.00    0 1046529.00   0 1046529.00
  50 1046529.00 1046529.00 1046529.00    0 1046529.00   0 1046529.00
